# Sauvegarde de metrique
# Date et heure : 2025-07-04 11:55:31
# Nombre de clés : 14
# ---
nb_rows: 12
nb_cols: 59
density: 1.0
found: True
row_indices: [57, 63, 55, 59, 50, 20, 53, 0, 5, 14, 29, 8]
col_indices: [17, 329, 315, 409, 406, 22, 242, 249, 20, 254, 457, 272, 33, 293, 153, 421, 365, 295, 66, 87, 46, 69, 285, 205, 349, 7, 259, 434, 410, 114, 86, 432, 344, 175, 252, 397, 258, 370, 67, 224, 401, 145, 283, 372, 313, 465, 3, 150, 393, 366, 438, 244, 245, 138, 411, 413, 68, 309, 297]
submatrix_size: 708
list_rows_indices: [57, 63, 55, 59, 50, 20, 53, 0, 5, 14, 29, 8]
list_cols_indices: [17, 329, 315, 409, 406, 22, 242, 249, 20, 254, 457, 272, 33, 293, 153, 421, 365, 295, 66, 87, 46, 69, 285, 205, 349, 7, 259, 434, 410, 114, 86, 432, 344, 175, 252, 397, 258, 370, 67, 224, 401, 145, 283, 372, 313, 465, 3, 150, 393, 366, 438, 244, 245, 138, 411, 413, 68, 309, 297]
time_load: 0.01711249351501465
time_ilp: 96.90482211112976
time_total: 96.92193460464478
name: pipeline_ilp_largest_only
input_csv: data/prob_8.csv
