# Sauvegarde de metrique
# Date et heure : 2025-07-04 12:18:46
# Nombre de clés : 14
# ---
nb_rows: 18
nb_cols: 40
density: 1.0
found: True
row_indices: [57, 63, 55, 23, 2, 52, 35, 40, 0, 4, 17, 24, 5, 14, 29, 37, 8, 36]
col_indices: [17, 329, 315, 409, 242, 249, 20, 254, 457, 272, 33, 293, 65, 262, 365, 107, 221, 66, 87, 46, 51, 88, 271, 291, 105, 349, 7, 259, 35, 102, 86, 344, 397, 370, 170, 90, 67, 48, 89, 85]
submatrix_size: 720
list_rows_indices: [57, 63, 55, 23, 2, 52, 35, 40, 0, 4, 17, 24, 5, 14, 29, 37, 8, 36]
list_cols_indices: [17, 329, 315, 409, 242, 249, 20, 254, 457, 272, 33, 293, 65, 262, 365, 107, 221, 66, 87, 46, 51, 88, 271, 291, 105, 349, 7, 259, 35, 102, 86, 344, 397, 370, 170, 90, 67, 48, 89, 85]
time_load: 0.015570640563964844
time_ilp: 1343.5139155387878
time_total: 1343.5294861793518
name: pipeline_ilp_largest_only
input_csv: data/prob_8.csv
