# Sauvegarde de metrique
# Date et heure : 2025-07-08 11:26:46
# Nombre de clés : 55
# ---
nb_clusters: 5
nb_inhomogenious_regions: 3
nb_steps_pre_processing: 4
nb_steps_ilp: 1
nb_reads_per_cluster: [12, 13, 7, 11, 15]
nb_positions_per_strip: [25, 4, 4, 12, 2]
orphan_reads_names: ['L13', 'L43']
unused_columns: [41]
original_matrix_shape: (60, 48)
reduced_matrix_shape: (5, 5)
compression_ratio: 0.008680555555555556
nb_orphan_reads: 2
nb_unused_columns: 1
percent_reads_clustered: 0.9666666666666667
percent_positions_used: 0.9791666666666666
cluster_size_min: 7
cluster_size_max: 15
cluster_size_mean: 11.6
strip_size_min: 2
strip_size_max: 25
strip_size_mean: 9.4
list_of_steps_pre_processing: [([], [0, 1, 2, 3, 4, 5, 6, 7, 8, 9, 10, 11, 12, 13, 14, 15, 16, 17, 18, 19, 20, 21, 22, 23, 24, 25, 26, 27, 28, 29, 30, 31, 32, 33, 34, 35, 36, 37, 38, 39, 40, 41, 42, 43, 44, 45, 46, 47, 48, 49, 50, 51, 52, 53, 54, 55, 56, 57, 58, 59], [12, 13, 14, 15, 16, 17, 18, 19, 20, 21, 23, 24, 25, 27, 28, 29, 30, 31, 33, 34, 36, 37, 38, 39, 40]), ([0, 1, 2, 3, 4, 5, 6, 7, 8, 9, 10, 11, 12, 14, 15, 16, 17, 18, 19, 20, 21, 22, 23, 24, 25, 26, 27, 28, 29, 30, 31, 32, 33, 34, 35, 36, 37, 38, 39, 40, 41, 42, 43, 44, 45, 46, 47, 48, 49, 50, 51, 52, 53, 54, 55, 56, 57, 58, 59], [13], [22, 26, 32, 35]), ([11, 12, 13, 14, 15, 16, 17, 18, 19, 20, 21, 22, 23, 24, 25, 26, 27, 28, 29, 30, 31, 32, 33, 34, 35, 36, 53, 54, 55, 56, 57, 58, 59], [0, 1, 2, 3, 4, 5, 6, 7, 8, 9, 10, 37, 38, 39, 40, 41, 42, 43, 44, 45, 46, 47, 48, 49, 50, 51, 52], [42, 43, 44, 45]), ([0, 1, 2, 3, 4, 5, 6, 7, 8, 9, 10, 11, 12, 13, 14, 15, 16, 17, 18, 19, 20, 21, 22, 23, 24, 25, 26, 27, 28, 29, 30, 31, 32, 33, 34, 35, 36], [37, 38, 39, 40, 41, 42, 43, 44, 45, 46, 47, 48, 49, 50, 51, 52, 53, 54, 55, 56, 57, 58, 59], [0, 1, 2, 3, 4, 5, 6, 7, 8, 9, 10, 11])]
list_of_steps_ilp: [([17, 19, 20, 21, 22, 23, 24, 25, 26, 27, 28, 29], [11, 12, 13, 14, 15, 16, 18, 30, 32, 33, 34, 35, 36, 37, 38, 39, 40, 41, 42, 44, 45, 46, 47, 48, 49, 50, 51, 52, 53, 54, 55, 56, 57, 58, 59, 0, 1, 2, 3, 4, 5, 6, 7, 8, 9, 10, 31], [46, 47])]
time_load: 0.005255937576293945
time_pre_processing: 0.0050694942474365234
time_ilp: 0.05305767059326172
time_post_processing: 0.004354238510131836
name: pipeline_compact_matrix
input_csv: data/mat_test.csv
output_txt: data/res2.txt
output_csv: data/res2.csv
min_col_quality: 2
min_row_quality: 2
error_rate: 0.025
distance_thresh: 0.01
read_0: ['L17', 'L19', 'L20', 'L21', 'L22', 'L23', 'L24', 'L25', 'L26', 'L27', 'L28', 'L29']
read_1: ['L11', 'L12', 'L14', 'L15', 'L16', 'L18', 'L30', 'L31', 'L32', 'L33', 'L34', 'L35', 'L36']
read_2: ['L53', 'L54', 'L55', 'L56', 'L57', 'L58', 'L59']
read_3: ['L0', 'L1', 'L10', 'L2', 'L3', 'L4', 'L5', 'L6', 'L7', 'L8', 'L9']
read_4: ['L37', 'L38', 'L39', 'L40', 'L41', 'L42', 'L44', 'L45', 'L46', 'L47', 'L48', 'L49', 'L50', 'L51', 'L52']
strip_0: [12, 13, 14, 15, 16, 17, 18, 19, 20, 21, 23, 24, 25, 27, 28, 29, 30, 31, 33, 34, 36, 37, 38, 39, 40]
strip_1: [22, 26, 32, 35]
strip_2: [42, 43, 44, 45]
strip_3: [0, 1, 2, 3, 4, 5, 6, 7, 8, 9, 10, 11]
strip_4: [46, 47]
nb_ilp_steps: 3
max_ilp_cluster_size: 105
min_density_cluster0: 0.0
max_density_cluster0: 0.0
mean_density_cluster0: 0.0
min_density_cluster1: 1.0
max_density_cluster1: 1.0
mean_density_cluster1: 1.0
nb_strips_from_ilp: 1
found: True
