# Sauvegarde de metrique
# Date et heure : 2025-07-02 18:56:34
# Nombre de clés : 39
# ---
nb_clusters: 4
nb_inhomogenious_regions: 1
nb_steps: 4
nb_reads_per_cluster: [26, 7, 11, 16]
nb_positions_per_strip: [4, 4, 12, 27]
orphan_reads_names: []
unused_columns: [41]
original_matrix_shape: (60, 48)
reduced_matrix_shape: (4, 4)
compression_ratio: 0.005555555555555556
nb_orphan_reads: 0
nb_unused_columns: 1
percent_reads_clustered: 1.0
percent_positions_used: 0.9791666666666666
cluster_size_min: 7
cluster_size_max: 26
cluster_size_mean: 15.0
strip_size_min: 4
strip_size_max: 27
strip_size_mean: 11.75
list_of_steps: [([0, 1, 2, 3, 4, 5, 6, 7, 8, 9, 10, 11, 12, 13, 14, 15, 16, 17, 18, 19, 20, 21, 22, 23, 24, 25, 26, 27, 28, 29, 30, 31, 32, 33, 34, 35, 36, 37, 38, 39, 40, 41, 42, 43, 44, 45, 46, 47, 48, 49, 50, 51, 52, 53, 54, 55, 56, 57, 58, 59], [], [22, 26, 32, 35]), ([11, 12, 13, 14, 15, 16, 17, 18, 19, 20, 21, 22, 23, 24, 25, 26, 27, 28, 29, 30, 31, 32, 33, 34, 35, 36, 53, 54, 55, 56, 57, 58, 59], [0, 1, 2, 3, 4, 5, 6, 7, 8, 9, 10, 37, 38, 39, 40, 41, 42, 43, 44, 45, 46, 47, 48, 49, 50, 51, 52], [42, 43, 44, 45]), ([0, 1, 2, 3, 4, 5, 6, 7, 8, 9, 10, 11, 12, 13, 14, 15, 16, 17, 18, 19, 20, 21, 22, 23, 24, 25, 26, 27, 28, 29, 30, 31, 32, 33, 34, 35, 36], [37, 38, 39, 40, 41, 42, 43, 44, 45, 46, 47, 48, 49, 50, 51, 52, 53, 54, 55, 56, 57, 58, 59], [0, 1, 2, 3, 4, 5, 6, 7, 8, 9, 10, 11]), ([], [0, 1, 2, 3, 4, 5, 6, 7, 8, 9, 10, 11, 12, 13, 14, 15, 16, 17, 18, 19, 20, 21, 22, 23, 24, 25, 26, 27, 28, 29, 30, 31, 32, 33, 34, 35, 36, 37, 38, 39, 40, 41, 42, 43, 44, 45, 46, 47, 48, 49, 50, 51, 52, 53, 54, 55, 56, 57, 58, 59], [12, 13, 14, 15, 16, 17, 18, 19, 20, 21, 23, 24, 25, 27, 28, 29, 30, 31, 33, 34, 36, 37, 38, 39, 40, 46, 47])]
read_0: ['L11', 'L12', 'L13', 'L14', 'L15', 'L16', 'L17', 'L18', 'L19', 'L20', 'L21', 'L22', 'L23', 'L24', 'L25', 'L26', 'L27', 'L28', 'L29', 'L30', 'L31', 'L32', 'L33', 'L34', 'L35', 'L36']
read_1: ['L53', 'L54', 'L55', 'L56', 'L57', 'L58', 'L59']
read_2: ['L0', 'L1', 'L10', 'L2', 'L3', 'L4', 'L5', 'L6', 'L7', 'L8', 'L9']
read_3: ['L37', 'L38', 'L39', 'L40', 'L41', 'L42', 'L43', 'L44', 'L45', 'L46', 'L47', 'L48', 'L49', 'L50', 'L51', 'L52']
strip_0: [22, 26, 32, 35]
strip_1: [42, 43, 44, 45]
strip_2: [0, 1, 2, 3, 4, 5, 6, 7, 8, 9, 10, 11]
strip_3: [12, 13, 14, 15, 16, 17, 18, 19, 20, 21, 23, 24, 25, 27, 28, 29, 30, 31, 33, 34, 36, 37, 38, 39, 40, 46, 47]
nb_ilp_steps: 0
max_ilp_cluster_size: -1
min_density_cluster0: -1
max_density_cluster0: -1
mean_density_cluster0: -1
min_density_cluster1: -1
max_density_cluster1: -1
mean_density_cluster1: -1
nb_strips_from_ilp: 0
found: False
