# Sauvegarde de metrique
# Date et heure : 2025-07-07 17:41:30
# Nombre de clés : 14
# ---
nb_rows: 66
nb_cols: 54
density: 1.0
found: True
row_indices: [1, 4, 5, 7, 10, 12, 13, 14, 16, 18, 20, 21, 23, 24, 28, 29, 33, 34, 35, 36, 39, 44, 49, 50, 60, 61, 64, 65, 67, 68, 70, 71, 72, 73, 75, 77, 78, 79, 80, 82, 87, 89, 94, 95, 96, 102, 103, 104, 105, 110, 111, 113, 115, 116, 118, 129, 131, 133, 138, 141, 142, 143, 144, 146, 147, 148]
col_indices: [0, 1, 3, 4, 5, 7, 8, 13, 14, 15, 17, 19, 23, 26, 27, 28, 32, 33, 34, 40, 41, 43, 48, 51, 52, 53, 54, 55, 61, 62, 65, 67, 68, 70, 72, 74, 75, 77, 82, 85, 88, 90, 95, 96, 97, 99, 104, 105, 106, 110, 111, 112, 115, 117]
submatrix_size: 3564
list_rows_indices: [1, 4, 5, 7, 10, 12, 13, 14, 16, 18, 20, 21, 23, 24, 28, 29, 33, 34, 35, 36, 39, 44, 49, 50, 60, 61, 64, 65, 67, 68, 70, 71, 72, 73, 75, 77, 78, 79, 80, 82, 87, 89, 94, 95, 96, 102, 103, 104, 105, 110, 111, 113, 115, 116, 118, 129, 131, 133, 138, 141, 142, 143, 144, 146, 147, 148]
list_cols_indices: [0, 1, 3, 4, 5, 7, 8, 13, 14, 15, 17, 19, 23, 26, 27, 28, 32, 33, 34, 40, 41, 43, 48, 51, 52, 53, 54, 55, 61, 62, 65, 67, 68, 70, 72, 74, 75, 77, 82, 85, 88, 90, 95, 96, 97, 99, 104, 105, 106, 110, 111, 112, 115, 117]
time_load: 0.007368803024291992
time_ilp: 100.3389322757721
time_total: 100.34630107879639
name: pipeline_ilp_largest_only
input_csv: data/matrix_edge_248_70000.csv
