# Sauvegarde de metrique
# Date et heure : 2025-07-04 11:59:08
# Nombre de clés : 14
# ---
nb_rows: 11
nb_cols: 121
density: 1.0
found: True
row_indices: [57, 63, 55, 52, 31, 42, 35, 0, 4, 5, 8]
col_indices: [1, 3, 7, 17, 22, 33, 46, 48, 51, 54, 55, 56, 59, 65, 79, 81, 85, 86, 87, 88, 90, 91, 99, 101, 102, 103, 104, 105, 106, 107, 108, 109, 110, 114, 118, 121, 123, 124, 127, 132, 133, 134, 136, 138, 150, 153, 156, 157, 162, 163, 169, 170, 176, 206, 210, 218, 219, 221, 223, 224, 228, 229, 232, 233, 234, 242, 244, 245, 247, 249, 251, 254, 258, 259, 260, 262, 265, 270, 271, 272, 275, 276, 279, 281, 282, 285, 289, 291, 293, 295, 296, 297, 302, 303, 305, 313, 314, 315, 316, 329, 337, 349, 365, 366, 370, 371, 372, 376, 384, 392, 397, 409, 419, 426, 434, 438, 457, 458, 460, 462, 465]
submatrix_size: 1331
list_rows_indices: [57, 63, 55, 52, 31, 42, 35, 0, 4, 5, 8]
list_cols_indices: [1, 3, 7, 17, 22, 33, 46, 48, 51, 54, 55, 56, 59, 65, 79, 81, 85, 86, 87, 88, 90, 91, 99, 101, 102, 103, 104, 105, 106, 107, 108, 109, 110, 114, 118, 121, 123, 124, 127, 132, 133, 134, 136, 138, 150, 153, 156, 157, 162, 163, 169, 170, 176, 206, 210, 218, 219, 221, 223, 224, 228, 229, 232, 233, 234, 242, 244, 245, 247, 249, 251, 254, 258, 259, 260, 262, 265, 270, 271, 272, 275, 276, 279, 281, 282, 285, 289, 291, 293, 295, 296, 297, 302, 303, 305, 313, 314, 315, 316, 329, 337, 349, 365, 366, 370, 371, 372, 376, 384, 392, 397, 409, 419, 426, 434, 438, 457, 458, 460, 462, 465]
time_load: 0.01620769500732422
time_ilp: 1470.388742685318
time_total: 1470.4049503803253
name: pipeline_ilp_largest_only
input_csv: data/prob_8.csv
