# Sauvegarde de metrique
# Date et heure : 2025-07-04 11:31:19
# Nombre de clés : 14
# ---
nb_rows: 66
nb_cols: 54
density: 1.0
found: True
row_indices: [146, 115, 10, 20, 144, 105, 67, 23, 142, 143, 147, 36, 12, 141, 18, 77, 50, 28, 29, 1, 7, 35, 113, 68, 82, 75, 89, 148, 133, 65, 44, 60, 61, 21, 5, 110, 39, 49, 111, 73, 72, 4, 138, 96, 70, 95, 116, 131, 64, 129, 71, 13, 103, 118, 24, 87, 78, 94, 14, 104, 102, 79, 33, 80, 16, 34]
col_indices: [0, 1, 3, 4, 5, 7, 8, 13, 14, 15, 17, 19, 23, 26, 27, 28, 32, 33, 34, 40, 41, 43, 48, 51, 52, 53, 54, 55, 61, 62, 65, 67, 68, 70, 72, 74, 75, 77, 82, 85, 88, 90, 95, 96, 97, 99, 104, 105, 106, 110, 111, 112, 115, 117]
submatrix_size: 3564
list_rows_indices: [146, 115, 10, 20, 144, 105, 67, 23, 142, 143, 147, 36, 12, 141, 18, 77, 50, 28, 29, 1, 7, 35, 113, 68, 82, 75, 89, 148, 133, 65, 44, 60, 61, 21, 5, 110, 39, 49, 111, 73, 72, 4, 138, 96, 70, 95, 116, 131, 64, 129, 71, 13, 103, 118, 24, 87, 78, 94, 14, 104, 102, 79, 33, 80, 16, 34]
list_cols_indices: [0, 1, 3, 4, 5, 7, 8, 13, 14, 15, 17, 19, 23, 26, 27, 28, 32, 33, 34, 40, 41, 43, 48, 51, 52, 53, 54, 55, 61, 62, 65, 67, 68, 70, 72, 74, 75, 77, 82, 85, 88, 90, 95, 96, 97, 99, 104, 105, 106, 110, 111, 112, 115, 117]
time_load: 0.007883548736572266
time_ilp: 98.74539852142334
time_total: 98.75328207015991
name: pipeline_ilp_largest_only
input_csv: data/matrix_edge_248_70000.csv
