# Sauvegarde de metrique
# Date et heure : 2025-07-04 11:26:50
# Nombre de clés : 14
# ---
nb_rows: 19
nb_cols: 99
density: 1.0
found: True
row_indices: [18, 1, 41, 38, 20, 27, 0, 23, 15, 25, 33, 14, 22, 7, 35, 44, 3, 26, 24]
col_indices: [0, 2, 3, 6, 7, 9, 10, 13, 14, 19, 20, 21, 22, 23, 24, 27, 30, 31, 33, 36, 37, 41, 46, 48, 49, 50, 51, 52, 53, 55, 56, 58, 59, 61, 62, 63, 64, 67, 68, 70, 71, 72, 76, 81, 82, 84, 85, 86, 87, 88, 89, 92, 94, 95, 97, 98, 102, 105, 106, 108, 112, 113, 115, 116, 117, 118, 120, 122, 125, 126, 129, 132, 133, 135, 144, 145, 146, 148, 149, 150, 151, 153, 154, 156, 160, 163, 168, 171, 172, 176, 180, 181, 182, 184, 185, 186, 189, 190, 191]
submatrix_size: 1881
list_rows_indices: [18, 1, 41, 38, 20, 27, 0, 23, 15, 25, 33, 14, 22, 7, 35, 44, 3, 26, 24]
list_cols_indices: [0, 2, 3, 6, 7, 9, 10, 13, 14, 19, 20, 21, 22, 23, 24, 27, 30, 31, 33, 36, 37, 41, 46, 48, 49, 50, 51, 52, 53, 55, 56, 58, 59, 61, 62, 63, 64, 67, 68, 70, 71, 72, 76, 81, 82, 84, 85, 86, 87, 88, 89, 92, 94, 95, 97, 98, 102, 105, 106, 108, 112, 113, 115, 116, 117, 118, 120, 122, 125, 126, 129, 132, 133, 135, 144, 145, 146, 148, 149, 150, 151, 153, 154, 156, 160, 163, 168, 171, 172, 176, 180, 181, 182, 184, 185, 186, 189, 190, 191]
time_load: 0.008054733276367188
time_ilp: 15.659679174423218
time_total: 15.667733907699585
name: pipeline_ilp_largest_only
input_csv: data/prob_9.csv
